import numpy as np
import matplotlib.pyplot as plt
import pandas as pd

def delList(dataMat):
    list = []
    for j in dataMat:
        list.append(len(j))
    #print(max(list))
    listF = []
    a = max(list)
    # x = [None]*a
    # print(x)
    i = 0
    for list in dataMat:
        newlist = []
        for j in list:
            newlist.append(j)
        i = 0
        while i < a:
            if len(newlist) >= a:
                break
            else:
                newlist.append(0)
                i = i + 1
        listF.append(newlist)
        print(len(newlist))
        # print(list)
    return listF
    #print(listF)
def loadDataSet(filename):
    df = pd.read_table(filename, sep='\t')
    return np.array(df)

def showData(dataMat, reconMat):
    fig = plt.figure()
    ax = fig.add_subplot(111)
    ax.scatter(dataMat[:, 0], dataMat[:, 1], c='green')
    ax.scatter(np.array(reconMat[:, 0]), reconMat[:, 1], c='red')
    plt.show()
def readCSV2List(filePath):
 try:
  file=open(filePath,'r',encoding="gbk")# 读取以utf-8
  context = file.read() # 读取成str
  list_result=context.split("\n")# 以回车符\n分割成单独的行
  #每一行的各个元素是以【,】分割的，因此可以
  length=len(list_result)
  for i in range(length):
   list_result[i]=list_result[i].split(",")
  return list_result
 except Exception :
  print("文件读取转换失败，请检查文件路径及文件编码是否正确")
 finally:
  file.close();# 操作完成一定要关闭
def read_out_file(path):
    try:
        f = open(path, 'r', encoding='utf-8')
        data = f.readlines()
        f.close()
        print("文件读取成功！")
        return data
    except IOError:
        print('文件读取失败！')
def pca(dataMat, topNfeat=999999):

    # 1.对所有样本进行中心化（所有样本属性减去属性的平均值）
    meanVals = np.mean(dataMat, axis=0)
    meanRemoved = dataMat - meanVals

    # 2.计算样本的协方差矩阵 XXT
    covmat = np.cov(meanRemoved, rowvar=0)
    print(covmat)

    # 3.对协方差矩阵做特征值分解，求得其特征值和特征向量，并将特征值从大到小排序，筛选出前topNfeat个
    eigVals, eigVects = np.linalg.eig(np.mat(covmat))
    eigValInd = np.argsort(eigVals)
    eigValInd = eigValInd[:-(topNfeat+1):-1]    # 取前topNfeat大的特征值的索引
    redEigVects = eigVects[:, eigValInd]        # 取前topNfeat大的特征值所对应的特征向量

    # 4.将数据转换到新的低维空间中
    lowDDataMat = meanRemoved * redEigVects     # 降维之后的数据
    reconMat = (lowDDataMat * redEigVects.T) + meanVals # 重构数据，可在原数据维度下进行对比查看
    return np.array(lowDDataMat), np.array(reconMat)


# ---------------------------- main ---------------------------- #

#dataMat=readCSV2List('./datasetm.csv')
#print(dataMat)
#dataMat 原始数据
dataMatALL=[]
data=[[0.0331801233, -0.07955463880000001, 0.006423441000000002, -0.019102456219999966, 0.040461287399999976, -0.1305621196, 0.040461287399999976, 0.162120206, -0.126772854], [0.0331801233, -0.07955463880000001, 0.006423441000000002, -0.019102456219999966, -0.1305621196, 0.040461287399999976, 0.040461287399999976, 0.162120206, -0.126772854], [0.099924048, 0.04056037759999999, 0.03324908039999999, 0.04056037759999999, 0.04056037759999999, -0.12663085300000002, -0.12663085300000002, 0.155753861, 0.11614951240000002, -0.07955089849999997, -0.019102456219999966, 0.05428397, 0.1328359255, 0.10534452200000001, 0.16235247299999997, 0.3780601032, -0.019102456219999966, 0.039289504999999995, 0.315830548, 0.04056037759999999, 0.04056037759999999, 0.04056037759999999, -0.1305621196, -0.1305621196, 0.16235247299999997, 0.006512235499999991], [0.3158273599, 0.040499177500000025, 0.038869720299999994, 0.040499177500000025, 0.040499177500000025, 0.040499177500000025, 0.040499177500000025, 0.040499177500000025, -0.12638026600000002, -0.12638026600000002, 0.3775867294, 0.10476085299999999, 0.1328359255, 0.054923606000000014, 0.11527276889999999, -0.12638026600000002, 0.155761129, 0.033603469, -0.07937322040000001, 0.006454151000000019, 0.040499177500000025, 0.040499177500000025, 0.040499177500000025, 0.16214477100000002, 0.16214477100000002, -0.019006185420000002, -0.1305621196], [0.0331801233, -0.07955463880000001, 0.006423441000000002, -0.019102456219999966, 0.040461287399999976, -0.1305621196, 0.040461287399999976, 0.162120206, -0.126772854], [-0.0795284972, -0.12676118800000002, 0.006423441000000002, -0.019102456219999966, -0.1305621196, 0.040461287399999976, 0.040461287399999976, -0.12676118800000002, 0.1621254185], [0.31554888960000005, -0.01906330077, 0.03885337599999997, 0.37748965970000004, -0.13056066972, 0.10474782499999999, -0.13056066972, -0.01906330077, -0.126759286, -0.126759286, -0.126759286, 0.13283419779999997, 0.05416438100000002, 0.11526848390000001, 0.37748965970000004, 0.03314142250000003, 0.0404816463, 0.0404816463, 0.0404816463, 0.1621159377, 0.1621159377, -0.07951670000000002, 0.006423441000000002], [-0.0795284972, -0.12676118800000002, 0.006423441000000002, -0.019102456219999966, -0.1305621196, 0.040461287399999976, 0.040461287399999976, -0.12676118800000002, 0.1621254185], [-0.0795284972, -0.12676118800000002, 0.006423441000000002, -0.019102456219999966, -0.1305621196, 0.040461287399999976, 0.040461287399999976, -0.12676118800000002, 0.1621254185], [-0.0795284972, -0.12676118800000002, 0.006423441000000002, -0.019102456219999966, -0.1305621196, 0.040461287399999976, 0.040461287399999976, -0.12676118800000002, 0.1621254185], [-0.0795284972, -0.12676118800000002, 0.006423441000000002, -0.019102456219999966, -0.1305621196, 0.040461287399999976, 0.040461287399999976, -0.12676118800000002, 0.1621254185], [-0.0795284972, -0.12676118800000002, 0.006423441000000002, -0.019102456219999966, -0.1305621196, 0.040461287399999976, 0.040461287399999976, -0.12676118800000002, 0.1621254185], [0.0331801233, -0.07955463880000001, 0.006423441000000002, -0.019102456219999966, 0.040461287399999976, -0.1305621196, 0.040461287399999976, 0.162120206, -0.126772854], [0.0331801233, -0.07955463880000001, 0.006423441000000002, -0.019102456219999966, 0.040461287399999976, -0.1305621196, 0.040461287399999976, 0.162120206, -0.126772854], [0.006423441000000002, -0.019102456219999966, -0.1305621196, 0.040461287399999976, 0.040461287399999976, 0.1621254185, -0.126772854], [-0.0795284972, -0.12676118800000002, 0.006423441000000002, -0.019102456219999966, -0.1305621196, 0.040461287399999976, 0.040461287399999976, -0.12676118800000002, 0.1621254185], [0.038896058399999996, 0.377513416, -0.126772854, -0.1305621196, -0.126772854, -0.126772854, -0.1305621196, 0.162193445, 0.10491177300000001, 0.1328359255, 0.054203869, 0.1153071124, 0.15560970899999998, 0.03323763269999999, -0.07955089849999997, 0.006437973999999999, 0.04052148290000001, 0.04052148290000001, 0.04052148290000001, 0.04052148290000001, -0.126772854, 0.162193445, -0.019102456219999966], [0.040461287399999976, 0.006423441000000002, -0.019102456219999966, -0.1305621196, 0.1621254185, 0.040461287399999976, -0.126772854], [0.033520489399999964, 0.099756182, 0.31563937659999997, -0.13053761526, -0.12670363, -0.018908394800000033, 0.006423441000000002, 0.13315219799999997, 0.0409089205, -0.12670363, -0.12670363, -0.018908394800000033, 0.006423441000000002, -0.13053761526, 0.1621254185, 0.033520489399999964, 0.11550212700000001, 0.054413154, 0.099756182, 0.10485411700000001, 0.1621254185, 0.3776628085, 0.03885337599999997, 0.0409089205, 0.0409089205, 0.0409089205, -0.07948045100000001, -0.07948045100000001, 0.099756182, -0.16110594099999997], [0.0331801233, -0.07955463880000001, 0.006423441000000002, -0.019102456219999966, 0.040461287399999976, -0.1305621196, 0.040461287399999976, 0.162120206, -0.126772854], [0.0331801233, -0.07955463880000001, 0.006423441000000002, -0.019102456219999966, 0.040461287399999976, -0.1305621196, 0.040461287399999976, 0.162120206, -0.126772854], [-0.0795284972, -0.12676118800000002, 0.006423441000000002, -0.019102456219999966, -0.1305621196, 0.040461287399999976, 0.040461287399999976, -0.12676118800000002, 0.1621254185], [-0.0795284972, -0.12676118800000002, 0.006423441000000002, -0.019102456219999966, -0.1305621196, 0.040461287399999976, 0.040461287399999976, -0.12676118800000002, 0.1621254185], [0.0331801233, -0.07955463880000001, 0.006423441000000002, -0.019102456219999966, 0.040461287399999976, -0.1305621196, 0.040461287399999976, 0.162120206, -0.126772854], [-0.0795284972, -0.12676118800000002, 0.006423441000000002, -0.019102456219999966, -0.1305621196, 0.040461287399999976, 0.040461287399999976, -0.12676118800000002, 0.1621254185], [0.006423441000000002, -0.019102456219999966, -0.1305621196, 0.040461287399999976, 0.040461287399999976, 0.1621254185, -0.126772854], [-0.0795284972, -0.12676118800000002, 0.006423441000000002, -0.019102456219999966, -0.1305621196, 0.040461287399999976, 0.040461287399999976, -0.12676118800000002, 0.1621254185], [-0.0795284972, -0.12676118800000002, 0.006423441000000002, -0.019102456219999966, -0.1305621196, 0.040461287399999976, 0.040461287399999976, -0.12676118800000002, 0.1621254185], [0.0331801233, -0.07955463880000001, 0.006423441000000002, -0.019102456219999966, 0.040461287399999976, -0.1305621196, 0.040461287399999976, 0.162120206, -0.126772854], [0.0331801233, -0.07955463880000001, 0.006423441000000002, -0.019102456219999966, 0.040461287399999976, -0.1305621196, 0.040461287399999976, 0.162120206, -0.126772854], [0.0331801233, -0.07955463880000001, 0.006423441000000002, -0.019102456219999966, 0.040461287399999976, -0.1305621196, 0.040461287399999976, 0.162120206, -0.126772854], [-0.126592047, 0.04047418160000002, 0.04047418160000002, 0.04047418160000002, 0.033214925000000006, -0.018513833780000016, 0.15560970899999998, -0.126592047, 0.04047418160000002, 0.006423441000000002, 0.04047418160000002, 0.04047418160000002, 0.006423441000000002, -0.0791589224, 0.05416438100000002, -0.018513833780000016, -0.126592047, 0.10009650999999997, 0.105014269, 0.37758105599999997, 0.03885337599999997, 0.3161782725, 0.1625112673, 0.1625112673, 0.1625112673, -0.130550932, -0.130550932, 0.1330403403, 0.11545931209999999], [0.0331801233, -0.07955463880000001, 0.006423441000000002, -0.019102456219999966, 0.040461287399999976, -0.1305621196, 0.040461287399999976, 0.162120206, -0.126772854], [-0.0795284972, -0.12676118800000002, 0.006423441000000002, -0.019102456219999966, -0.1305621196, 0.040461287399999976, 0.040461287399999976, -0.12676118800000002, 0.1621254185], [0.006423441000000002, -0.019102456219999966, -0.1305621196, 0.040461287399999976, 0.040461287399999976, 0.1621254185, -0.126772854], [0.0331801233, -0.07955463880000001, 0.006423441000000002, -0.019102456219999966, 0.040461287399999976, -0.1305621196, 0.040461287399999976, 0.162120206, -0.126772854], [-0.0795284972, -0.12676118800000002, 0.006423441000000002, -0.019102456219999966, -0.1305621196, 0.040461287399999976, 0.040461287399999976, -0.12676118800000002, 0.1621254185], [-0.19876660876000002, -0.019097472930000012, 0.15558552150000005, 0.11527276889999999, 0.05419297900000002, 0.1331194513, 0.0331940335, -0.07949397020000003, 0.1623654994, -0.13053094318000003, 0.37753395450000005, 0.03890830009999999, -0.019097472930000012, -0.126695734, -0.126695734, -0.126695734, 0.3158211021, 0.006607481000000026, 0.006607481000000026, 0.099689889, -0.16110594099999997, 0.04066995680000001, 0.04066995680000001, 0.04066995680000001, 0.04066995680000001, 0.1623654994, -0.07949397020000003, 0.1623654994, -0.13053094318000003, 0.104761355], [-0.0795284972, -0.12676118800000002, 0.006423441000000002, -0.019102456219999966, -0.1305621196, 0.040461287399999976, 0.040461287399999976, -0.12676118800000002, 0.1621254185], [-0.0795284972, -0.12676118800000002, 0.006423441000000002, -0.019102456219999966, -0.1305621196, 0.040461287399999976, 0.040461287399999976, -0.12676118800000002, 0.1621254185], [0.0331801233, -0.07955463880000001, 0.006423441000000002, -0.019102456219999966, 0.040461287399999976, -0.1305621196, 0.040461287399999976, 0.162120206, -0.126772854], [-0.0795284972, -0.12676118800000002, 0.006423441000000002, -0.019102456219999966, -0.1305621196, 0.040461287399999976, 0.040461287399999976, -0.12676118800000002, 0.1621254185], [0.0331801233, -0.07955463880000001, 0.006423441000000002, -0.019102456219999966, 0.040461287399999976, -0.1305621196, 0.040461287399999976, 0.162120206, -0.126772854], [-0.0795284972, -0.12676118800000002, 0.006423441000000002, -0.019102456219999966, -0.1305621196, 0.040461287399999976, 0.040461287399999976, -0.12676118800000002, 0.1621254185], [0.0331801233, -0.07955463880000001, 0.006423441000000002, -0.019102456219999966, 0.040461287399999976, -0.1305621196, 0.040461287399999976, 0.162120206, -0.126772854], [0.0331801233, -0.07955463880000001, 0.006423441000000002, -0.019102456219999966, 0.040461287399999976, -0.1305621196, 0.040461287399999976, 0.162120206, -0.126772854], [0.006423441000000002, -0.019102456219999966, -0.1305621196, 0.040461287399999976, 0.040461287399999976, 0.1621254185, -0.126772854], [-0.0795284972, -0.12676118800000002, 0.006423441000000002, -0.019102456219999966, -0.1305621196, 0.040461287399999976, 0.040461287399999976, -0.12676118800000002, 0.1621254185], [-0.0795284972, -0.12676118800000002, 0.006423441000000002, -0.019102456219999966, -0.1305621196, 0.040461287399999976, 0.040461287399999976, -0.12676118800000002, 0.1621254185], [0.31562339949999996, 0.03885585439999998, 0.04049400399999998, 0.37748965970000004, -0.01900389005999996, -0.13053053327, 0.16212301340000002, 0.04049400399999998, 0.04049400399999998, 0.104761355, 0.04049400399999998, 0.16212301340000002, -0.126772854, 0.04049400399999998, 0.1328359255, 0.05417826899999999, 0.1152892421, -0.01900389005999996, -0.126772854, 0.15560579, -0.13053053327, 0.03320193970000003, 0.104761355, 0.006423441000000002], [-0.0795284972, -0.12676118800000002, 0.006423441000000002, -0.019102456219999966, -0.1305621196, 0.040461287399999976, 0.040461287399999976, -0.12676118800000002, 0.1621254185], [0.0331801233, -0.07955463880000001, 0.006423441000000002, -0.019102456219999966, 0.040461287399999976, -0.1305621196, 0.040461287399999976, 0.162120206, -0.126772854], [0.0331801233, -0.07955463880000001, 0.006423441000000002, -0.019102456219999966, 0.040461287399999976, -0.1305621196, 0.040461287399999976, 0.162120206, -0.126772854], [-0.0795284972, -0.12676118800000002, 0.006423441000000002, -0.019102456219999966, -0.1305621196, 0.040461287399999976, 0.040461287399999976, -0.12676118800000002, 0.1621254185], [-0.0795284972, -0.12676118800000002, 0.006423441000000002, -0.019102456219999966, -0.1305621196, 0.040461287399999976, 0.040461287399999976, -0.12676118800000002, 0.1621254185], [0.038931662500000006, 0.04049908070000001, 0.3775298714, 0.04049908070000001, 0.04049908070000001, 0.04049908070000001, 0.04049908070000001, 0.04049908070000001, 0.04049908070000001, -0.126772854, -0.126772854, 0.104757838, 0.1328359255, 0.05444746200000001, -0.1305621196, 0.11542011829999999, -0.126772854, 0.15591697299999996, 0.1621254185, 0.03323013599999998, -0.1305621196, -0.07915274500000002, 0.006423441000000002, 0.1621254185, -0.01901692336000005], [0.006423441000000002, -0.019102456219999966, -0.1305621196, 0.040461287399999976, 0.040461287399999976, 0.1621254185, -0.126772854], [0.0331801233, -0.07955463880000001, 0.006423441000000002, -0.019102456219999966, 0.040461287399999976, -0.1305621196, 0.040461287399999976, 0.162120206, -0.126772854], [0.0331801233, -0.07955463880000001, 0.006423441000000002, -0.019102456219999966, 0.040461287399999976, -0.1305621196, 0.040461287399999976, 0.162120206, -0.126772854], [0.0331801233, -0.07955463880000001, 0.006423441000000002, -0.019102456219999966, 0.040461287399999976, -0.1305621196, 0.040461287399999976, 0.162120206, -0.126772854], [0.0331801233, -0.07955463880000001, 0.006423441000000002, -0.019102456219999966, 0.040461287399999976, -0.1305621196, 0.040461287399999976, 0.162120206, -0.126772854], [-0.0795284972, -0.12676118800000002, 0.006423441000000002, -0.019102456219999966, -0.1305621196, 0.040461287399999976, 0.040461287399999976, -0.12676118800000002, 0.1621254185], [-0.0795284972, -0.12676118800000002, 0.006423441000000002, -0.019102456219999966, -0.1305621196, 0.040461287399999976, 0.040461287399999976, -0.12676118800000002, 0.1621254185], [-0.0795284972, -0.12676118800000002, 0.006423441000000002, -0.019102456219999966, -0.1305621196, 0.040461287399999976, 0.040461287399999976, -0.12676118800000002, 0.1621254185], [0.04042711070000001, 0.04042711070000001, 0.04042711070000001, 0.04042711070000001, 0.155591386, 0.0332075914, -0.12679119099999997, 0.155591386, 0.0064107975000000095, 0.04042711070000001, 0.04042711070000001, -0.01911292484000003, -0.12679119099999997, -0.1305748157, 0.04042711070000001, -0.12679119099999997, 0.1621254185], [0.0331801233, -0.07955463880000001, 0.006423441000000002, -0.019102456219999966, 0.040461287399999976, -0.1305621196, 0.040461287399999976, 0.162120206, -0.126772854], [-0.08271980200000001, 0.006352149000000015, 0.03315457819999998, 0.15560970899999998, 0.1152851131, 0.05411584299999999, 0.1328359255, -0.13064831635000002, -0.12693217149999997, 0.1621254185, -0.12693217149999997, -0.12693217149999997, 0.1621254185, 0.03886271850000002, 0.3155992284, -0.13064831635000002, 0.099673592, 0.006352149000000015, -0.0795653716, -0.0795653716, -0.16110594099999997, -0.19863653624, 0.040432816600000004, 0.040432816600000004, 0.040432816600000004, 0.040432816600000004, -0.019111666170000013, -0.019111666170000013, 0.37747569000000003, 0.104761355], [-0.08277506100000002, 0.040575893200000004, 0.0332186055, 0.040575893200000004, 0.040575893200000004, 0.040575893200000004, 0.15560970899999998, 0.16260358500000005, 0.1156103824, 0.05416438100000002, 0.040575893200000004, -0.13048531592, 0.040575893200000004, 0.040575893200000004, -0.13048531592, 0.104965651, 0.13303831249999998, 0.16260358500000005, 0.377690479, 0.0391142479, 0.3157867711, -0.018592477899999973, 0.099676425, 0.16260358500000005, -0.161142416, -0.19851904086, -0.126835867, -0.126835867, -0.126835867, 0.006423441000000002, 0.006423441000000002, -0.018592477899999973, -0.07937161819999998], [0.0331801233, -0.07955463880000001, 0.006423441000000002, -0.019102456219999966, 0.040461287399999976, -0.1305621196, 0.040461287399999976, 0.162120206, -0.126772854], [-0.0795284972, -0.12676118800000002, 0.006423441000000002, -0.019102456219999966, -0.1305621196, 0.040461287399999976, 0.040461287399999976, -0.12676118800000002, 0.1621254185], [0.06855008974000001, 0.15561088699999998, -0.019089946620000006, -0.07951586639999998, 0.1153420966, 0.054274124000000035, -0.019089946620000006, -0.07951586639999998, 0.1328593929, -0.126749733, 0.16218138259999995, -0.126749733, -0.126749733, 0.16218138259999995, 0.37748965970000004, 0.104850114, 0.31567701000000004, 0.09976539100000001, -0.16102121399999997, 0.0064340729999999985, 0.0064340729999999985, -0.19869128796, -0.082765141, 0.04054739590000001, 0.04054739590000001, 0.04054739590000001, 0.04054739590000001, -0.13064528304999998, -0.13064528304999998, 0.03885337599999997, 0.0331940335], [0.006423441000000002, -0.019102456219999966, -0.1305621196, 0.040461287399999976, 0.040461287399999976, 0.1621254185, -0.126772854], [0.0331801233, -0.07955463880000001, 0.006423441000000002, -0.019102456219999966, 0.040461287399999976, -0.1305621196, 0.040461287399999976, 0.162120206, -0.126772854], [0.0331801233, -0.07955463880000001, 0.006423441000000002, -0.019102456219999966, 0.040461287399999976, -0.1305621196, 0.040461287399999976, 0.162120206, -0.126772854], [-0.0795284972, -0.12676118800000002, 0.006423441000000002, -0.019102456219999966, -0.1305621196, 0.040461287399999976, 0.040461287399999976, -0.12676118800000002, 0.1621254185], [-0.0795284972, -0.12676118800000002, 0.006423441000000002, -0.019102456219999966, -0.1305621196, 0.040461287399999976, 0.040461287399999976, -0.12676118800000002, 0.1621254185], [-0.0795284972, -0.12676118800000002, 0.006423441000000002, -0.019102456219999966, -0.1305621196, 0.040461287399999976, 0.040461287399999976, -0.12676118800000002, 0.1621254185], [-0.0795284972, -0.12676118800000002, 0.006423441000000002, -0.019102456219999966, -0.1305621196, 0.040461287399999976, 0.040461287399999976, -0.12676118800000002, 0.1621254185], [-0.0795284972, -0.12676118800000002, 0.006423441000000002, -0.019102456219999966, -0.1305621196, 0.040461287399999976, 0.040461287399999976, -0.12676118800000002, 0.1621254185], [0.09972144, 0.0405308287, 0.0405308287, 0.0331940335, 0.0405308287, 0.0405308287, -0.126802645, -0.126802645, 0.15566187499999998, 0.11527276889999999, -0.07957794840000003, -0.01882984862999998, 0.05416438100000002, 0.1329056258, 0.104761355, 0.16226502439999993, 0.377612348, -0.01882984862999998, 0.03891962779999998, 0.3156768234, 0.0405308287, 0.0405308287, 0.0405308287, -0.13058550193000001, -0.13058550193000001, 0.16226502439999993, 0.006423441000000002], [0.0331801233, -0.07955463880000001, 0.006423441000000002, -0.019102456219999966, 0.040461287399999976, -0.1305621196, 0.040461287399999976, 0.162120206, -0.126772854], [-0.0795284972, -0.12676118800000002, 0.006423441000000002, -0.019102456219999966, -0.1305621196, 0.040461287399999976, 0.040461287399999976, -0.12676118800000002, 0.1621254185], [0.0331801233, -0.07955463880000001, 0.006423441000000002, -0.019102456219999966, 0.040461287399999976, -0.1305621196, 0.040461287399999976, 0.162120206, -0.126772854], [-0.0795284972, -0.12676118800000002, 0.006423441000000002, -0.019102456219999966, -0.1305621196, 0.040461287399999976, 0.040461287399999976, -0.12676118800000002, 0.1621254185], [0.006423441000000002, -0.019102456219999966, -0.1305621196, 0.040461287399999976, 0.040461287399999976, 0.1621254185, -0.126772854], [0.377666669, 0.040574429800000006, 0.16219504369999993, 0.040574429800000006, 0.040574429800000006, -0.126772854, -0.126772854, 0.105131898, 0.1334043346, 0.05416438100000002, -0.019102456219999966, 0.1154171267, -0.126772854, 0.156215084, -0.1305621196, 0.03361027299999997, -0.019102456219999966, -0.07936169400000001, 0.16219504369999993, 0.040574429800000006, 0.040574429800000006, 0.16219504369999993, 0.040574429800000006, -0.1305621196, 0.377666669], [0.0331801233, -0.07955463880000001, 0.006423441000000002, -0.019102456219999966, 0.040461287399999976, -0.1305621196, 0.040461287399999976, 0.162120206, -0.126772854], [0.0331801233, -0.07955463880000001, 0.006423441000000002, -0.019102456219999966, 0.040461287399999976, -0.1305621196, 0.040461287399999976, 0.162120206, -0.126772854], [-0.019050083000000023, 0.315614371, 0.03883255800000002, 0.37748965970000004, 0.04041487340000003, 0.10477460400000001, 0.16217534420000002, 0.1327703087, 0.16217534420000002, 0.05416438100000002, 0.16217534420000002, -0.019050083000000023, -0.12677978299999998, -0.12677978299999998, -0.12677978299999998, 0.11530198510000003, -0.13043089926, -0.13043089926, 0.15563851099999998, 0.033239151999999966, 0.04041487340000003, 0.04041487340000003, 0.04041487340000003, 0.04041487340000003, 0.04041487340000003, 0.10477460400000001, 0.006423441000000002], [0.13285961519999998, 0.16215331460000004, 0.040522139000000006, 0.16215331460000004, 0.05416438100000002, 0.040522139000000006, -0.126772854, 0.1153326621, 0.040522139000000006, -0.126772854, 0.15560551499999997, 0.040522139000000006, -0.126772854, 0.040522139000000006, 0.0331940335, 0.040522139000000006, -0.126772854, 0.040522139000000006, 0.16215331460000004, 0.16215331460000004, -0.07955089849999997, 0.006457733500000007, 0.1153326621, 0.040522139000000006, -0.1305478204], [0.0331801233, -0.07955463880000001, 0.006423441000000002, -0.019102456219999966, 0.040461287399999976, -0.1305621196, 0.040461287399999976, 0.162120206, -0.126772854], [-0.0795284972, -0.12676118800000002, 0.006423441000000002, -0.019102456219999966, -0.1305621196, 0.040461287399999976, 0.040461287399999976, -0.12676118800000002, 0.1621254185], [-0.16103741700000002, 0.0405395318, 0.155615837, 0.0405395318, -0.12670240850000003, 0.0405395318, 0.0405395318, 0.0405395318, 0.11553472570000001, -0.07955089849999997, 0.033391716500000015, 0.1328716353, -0.12670240850000003, -0.018913312130000012, -0.12670240850000003, -0.018913312130000012, -0.13035370038, -0.13035370038, -0.13035370038, 0.10486557900000001, 0.37761094549999996, 0.006512262000000005, 0.03885337599999997, -0.07955089849999997, 0.3156365872, 0.099859543, 0.1621095133, 0.1621095133, 0.1621095133, -0.12670240850000003, 0.1621095133, 0.006512262000000005, -0.16103741700000002], [-0.16112677450000001, 0.155637423, -0.126772854, 0.0331940335, 0.162231036, 0.11542780629999999, -0.126772854, -0.13038054349999997, 0.00699235400000002, -0.018972138349999987, -0.126772854, 0.04052978870000002, -0.13038054349999997, -0.13038054349999997, 0.00699235400000002, -0.018972138349999987, 0.105023846, 0.37776943500000004, 0.0331940335, 0.039002149999999985, -0.07943224280000001, -0.07943224280000001, 0.3155992284, 0.099676425, 0.04052978870000002, 0.04052978870000002, 0.04052978870000002, 0.04052978870000002, 0.162231036, 0.162231036, 0.1328359255, 0.054181197000000014], [0.0331801233, -0.07955463880000001, 0.006423441000000002, -0.019102456219999966, 0.040461287399999976, -0.1305621196, 0.040461287399999976, 0.162120206, -0.126772854], [0.006479123000000017, 0.315620673, 0.03884642149999999, 0.16221888779999996, 0.37748498560000004, 0.104788477, 0.03884642149999999, 0.13278918569999998, 0.16221888779999996, 0.05416438100000002, 0.16221888779999996, 0.006479123000000017, -0.126727558, -0.126727558, -0.126727558, 0.11527453030000001, -0.13042546888, -0.13042546888, 0.155640296, 0.03321086300000001, 0.040477893699999996, 0.040477893699999996, 0.040477893699999996, 0.040477893699999996, 0.040477893699999996, 0.03884642149999999, -0.07955089849999997], [-0.0795284972, -0.12676118800000002, 0.006423441000000002, -0.019102456219999966, -0.1305621196, 0.040461287399999976, 0.040461287399999976, -0.12676118800000002, 0.1621254185], [0.0331801233, -0.07955463880000001, 0.006423441000000002, -0.019102456219999966, 0.040461287399999976, -0.1305621196, 0.040461287399999976, 0.162120206, -0.126772854], [0.040461287399999976, 0.006423441000000002, -0.019102456219999966, -0.1305621196, 0.1621254185, 0.040461287399999976, -0.126772854], [-0.16095825300000002, -0.12645047699999998, 0.03327318600000001, 0.15560970899999998, -0.12645047699999998, 0.16249115699999994, -0.019102456219999966, 0.16249115699999994, 0.16249115699999994, -0.019102456219999966, 0.11538004729999998, -0.07947808359999997, 0.05416438100000002, -0.12645047699999998, 0.104761355, 0.3777689216, 0.03899876399999999, 0.3159354971, 0.099822581, 0.04052039949999997, 0.04052039949999997, 0.04052039949999997, -0.1305621196, -0.1305621196, 0.13281667400000002, 0.006473491999999997], [-0.0795284972, -0.12676118800000002, 0.006423441000000002, -0.019102456219999966, -0.1305621196, 0.040461287399999976, 0.040461287399999976, -0.12676118800000002, 0.1621254185], [0.0331801233, -0.07955463880000001, 0.006423441000000002, -0.019102456219999966, 0.040461287399999976, -0.1305621196, 0.040461287399999976, 0.162120206, -0.126772854], [-0.0795284972, -0.12676118800000002, 0.006423441000000002, -0.019102456219999966, -0.1305621196, 0.040461287399999976, 0.040461287399999976, -0.12676118800000002, 0.1621254185], [-0.0795284972, -0.12676118800000002, 0.006423441000000002, -0.019102456219999966, -0.1305621196, 0.040461287399999976, 0.040461287399999976, -0.12676118800000002, 0.1621254185], [0.0331801233, -0.07955463880000001, 0.006423441000000002, -0.019102456219999966, 0.040461287399999976, -0.1305621196, 0.040461287399999976, 0.162120206, -0.126772854], [-0.0795284972, -0.12676118800000002, 0.006423441000000002, -0.019102456219999966, -0.1305621196, 0.040461287399999976, 0.040461287399999976, -0.12676118800000002, 0.1621254185], [-0.0795284972, -0.12676118800000002, 0.006423441000000002, -0.019102456219999966, -0.1305621196, 0.040461287399999976, 0.040461287399999976, -0.12676118800000002, 0.1621254185], [0.0331801233, -0.07955463880000001, 0.006423441000000002, -0.019102456219999966, 0.040461287399999976, -0.1305621196, 0.040461287399999976, 0.162120206, -0.126772854], [0.0331801233, -0.07955463880000001, 0.006423441000000002, -0.019102456219999966, 0.040461287399999976, -0.1305621196, 0.040461287399999976, 0.162120206, -0.126772854], [-0.0795284972, -0.12676118800000002, 0.006423441000000002, -0.019102456219999966, -0.1305621196, 0.040461287399999976, 0.040461287399999976, -0.12676118800000002, 0.1621254185], [0.05298196599999997, 0.0407176582, 0.0407176582, 0.16222762329999998, -0.07937796950000002, 0.16222762329999998, 0.0331940335, 0.15582859000000002, 0.16222762329999998, 0.11527276889999999, -0.019068054460000025, 0.006484773999999999, -0.019068054460000025, 0.006484773999999999, 0.05416438100000002, 0.0407176582, -0.13047623782, 0.0407176582, 0.0407176582, -0.13047623782, 0.10492429800000001, 0.3776353327, 0.03885337599999997, 0.3155992284, 0.09978210300000001, -0.16094007300000004, -0.19870931367, -0.08269062099999999, 0.0686652714, -0.12667394099999998, -0.12667394099999998, -0.12667394099999998, -0.12667394099999998, 0.05298196599999997], [0.0331801233, -0.07955463880000001, 0.006423441000000002, -0.019102456219999966, 0.040461287399999976, -0.1305621196, 0.040461287399999976, 0.162120206, -0.126772854], [0.0331801233, -0.07955463880000001, 0.006423441000000002, -0.019102456219999966, 0.040461287399999976, -0.1305621196, 0.040461287399999976, 0.162120206, -0.126772854], [0.0331801233, -0.07955463880000001, 0.006423441000000002, -0.019102456219999966, 0.040461287399999976, -0.1305621196, 0.040461287399999976, 0.162120206, -0.126772854], [0.0331801233, -0.07955463880000001, 0.006423441000000002, -0.019102456219999966, -0.1305621196, 0.040461287399999976, 0.040461287399999976, 0.162120206, -0.126772854], [0.15562793400000002, -0.126754741, 0.040461287399999976, -0.126754741, 0.040461287399999976, 0.0331940335, -0.07955089849999997, 0.006422465999999974, -0.01908539375, -0.1305621196, 0.1621254185], [-0.0795284972, -0.12676118800000002, 0.006423441000000002, -0.019102456219999966, -0.1305621196, 0.040461287399999976, 0.040461287399999976, -0.12676118800000002, 0.1621254185], [0.0331801233, -0.07955463880000001, 0.006423441000000002, -0.019102456219999966, 0.040461287399999976, -0.1305621196, 0.040461287399999976, 0.162120206, -0.126772854], [0.09989535299999998, 0.04057504949999998, 0.04057504949999998, 0.04057504949999998, 0.155661134, -0.13043020818, 0.006423441000000002, 0.11559904530000002, 0.03371967479999999, 0.04057504949999998, 0.006423441000000002, 0.1623994535, 0.1623994535, 0.1623994535, 0.05416438100000002, 0.10502999799999999, -0.019074246870000006, 0.37761135300000004, -0.13043020818, 0.03892723520000001, 0.3155992284, -0.12676908799999997, -0.12676908799999997, -0.12676908799999997, 0.1329208713, -0.019074246870000006, -0.07955089849999997], [-0.0795284972, -0.12676118800000002, 0.006423441000000002, -0.019102456219999966, -0.1305621196, 0.040461287399999976, 0.040461287399999976, -0.12676118800000002, 0.1621254185], [-0.0795284972, -0.12676118800000002, 0.006423441000000002, -0.019102456219999966, -0.1305621196, 0.040461287399999976, 0.040461287399999976, -0.12676118800000002, 0.1621254185], [0.0331801233, -0.07955463880000001, 0.006423441000000002, -0.019102456219999966, 0.040461287399999976, -0.1305621196, 0.040461287399999976, 0.162120206, -0.126772854], [0.0331801233, -0.07955463880000001, 0.006423441000000002, -0.019102456219999966, 0.040461287399999976, -0.1305621196, 0.040461287399999976, 0.162120206, -0.126772854], [0.099924048, 0.04056037759999999, 0.03324908039999999, 0.04056037759999999, 0.04056037759999999, -0.12663085300000002, -0.12663085300000002, 0.155753861, 0.11614951240000002, -0.07955089849999997, -0.019102456219999966, 0.05428397, 0.1328359255, 0.10534452200000001, 0.16235247299999997, 0.3780601032, -0.019102456219999966, 0.039289504999999995, 0.315830548, 0.04056037759999999, 0.04056037759999999, 0.04056037759999999, -0.1305621196, -0.1305621196, 0.16235247299999997, 0.006512235499999991], [0.0331801233, -0.07955463880000001, 0.006423441000000002, -0.019102456219999966, 0.040461287399999976, -0.1305621196, 0.040461287399999976, 0.162120206, -0.126772854], [0.0331801233, -0.07955463880000001, 0.006423441000000002, -0.019102456219999966, 0.040461287399999976, -0.1305621196, 0.040461287399999976, 0.162120206, -0.126772854], [-0.19864470770000003, 0.04047848899999997, 0.033198682399999985, -0.1305621196, -0.019021835739999993, 0.15568949600000004, -0.1305621196, -0.019021835739999993, 0.11549475419999998, 0.04047848899999997, 0.16243428250000005, 0.04047848899999997, 0.04047848899999997, 0.16243428250000005, 0.1328359255, 0.05435588499999998, 0.006423441000000002, 0.10495391199999998, 0.37755828599999997, 0.038969717099999995, 0.3155992284, 0.09989741000000002, 0.006423441000000002, -0.16110594099999997, -0.12647458500000003, -0.12647458500000003, -0.12647458500000003, -0.12647458500000003, -0.19864470770000003], [0.0409994116, 0.3156645568, 0.0409994116, 0.03885337599999997, 0.0409994116, 0.0409994116, 0.0409994116, 0.37779187459999997, 0.10549669, 0.1621254185, 0.1330284603, 0.054287469000000026, 0.1621254185, 0.0409994116, 0.1621254185, 0.11554094170000001, 0.1621254185, 0.15600224899999998, -0.1304617222, -0.1304617222, -0.1304617222, 0.033437534199999994, -0.07955089849999997, 0.006423441000000002, -0.018887615070000002, -0.12670482800000002, -0.12670482800000002, -0.12670482800000002, -0.12670482800000002, -0.12670482800000002], [0.0331801233, -0.07955463880000001, 0.006423441000000002, -0.019102456219999966, 0.040461287399999976, -0.1305621196, 0.040461287399999976, 0.162120206, -0.126772854], [0.0331801233, -0.07955463880000001, 0.006423441000000002, -0.019102456219999966, 0.040461287399999976, -0.1305621196, 0.040461287399999976, 0.162120206, -0.126772854], [0.0331801233, -0.07955463880000001, 0.006423441000000002, -0.019102456219999966, 0.040461287399999976, -0.1305621196, 0.040461287399999976, 0.162120206, -0.126772854], [-0.0795284972, -0.12676118800000002, 0.006423441000000002, -0.019102456219999966, -0.1305621196, 0.040461287399999976, 0.040461287399999976, -0.12676118800000002, 0.1621254185], [0.104766358, 0.13285453399999997, 0.104766358, -0.126772763, 0.11530200180000003, 0.155586836, 0.0331940335, 0.04047988419999998, -0.0795348252, 0.006423441000000002, -0.019139545999999993, -0.13055757369999998, 0.1621254185, -0.126772763, 0.04047988419999998], [0.0331801233, -0.07955463880000001, 0.006423441000000002, -0.019102456219999966, 0.040461287399999976, -0.1305621196, 0.040461287399999976, 0.162120206, -0.126772854], [-0.0795284972, -0.12676118800000002, 0.006423441000000002, -0.019102456219999966, -0.1305621196, 0.040461287399999976, 0.040461287399999976, -0.12676118800000002, 0.1621254185], [0.0331801233, -0.07955463880000001, 0.006423441000000002, -0.019102456219999966, 0.040461287399999976, -0.1305621196, 0.040461287399999976, 0.162120206, -0.126772854], [-0.0795284972, -0.12676118800000002, 0.006423441000000002, -0.019102456219999966, -0.1305621196, 0.040461287399999976, 0.040461287399999976, -0.12676118800000002, 0.1621254185], [0.040492662200000015, 0.03323984899999999, 0.15558552150000005, 0.11527276889999999, -0.13055344593, -0.126594182, 0.1328359255, -0.07945772829999999, 0.10484292199999998, 0.16242226099999996, -0.126594182, -0.019071542469999966, -0.126594182, -0.126594182, -0.019071542469999966, 0.31569481779999997, 0.09962745199999999, 0.16242226099999996, -0.13055344593, -0.16111204899999998, -0.19870931367, 0.3776105916, 0.006423441000000002, 0.16242226099999996, 0.10484292199999998, 0.03885573080000001, 0.040492662200000015, 0.040492662200000015, 0.040492662200000015, -0.082765141], [-0.0795284972, -0.12676118800000002, 0.006423441000000002, -0.019102456219999966, -0.1305621196, 0.040461287399999976, 0.040461287399999976, -0.12676118800000002, 0.1621254185], [0.0331801233, -0.07955463880000001, 0.006423441000000002, -0.019102456219999966, 0.040461287399999976, -0.1305621196, 0.040461287399999976, 0.162120206, -0.126772854], [-0.0795284972, -0.12676118800000002, 0.006423441000000002, -0.019102456219999966, -0.1305621196, 0.040461287399999976, 0.040461287399999976, -0.12676118800000002, 0.1621254185], [0.0331801233, -0.07955463880000001, 0.006423441000000002, -0.019102456219999966, 0.040461287399999976, -0.1305621196, 0.040461287399999976, 0.162120206, -0.126772854], [-0.082770286, 0.03321027700000001, 0.15562644599999997, 0.040499015799999996, -0.019084589960000023, -0.019084589960000023, 0.11527276889999999, 0.006466688000000012, -0.1266761965, 0.1621254185, -0.1266761965, -0.1266761965, 0.1621254185, 0.05418999, 0.104761355, 0.3775822907, 0.006466688000000012, 0.039018585999999994, 0.3156939892, 0.09977040200000001, -0.16110594099999997, -0.19853949418, 0.040499015799999996, 0.040499015799999996, 0.040499015799999996, -0.1305193071, -0.1305193071, 0.1329160103, -0.079468231], [0.0331801233, -0.07955463880000001, 0.006423441000000002, -0.019102456219999966, 0.040461287399999976, -0.1305621196, 0.040461287399999976, 0.162120206, -0.126772854], [-0.0795284972, -0.12676118800000002, 0.006423441000000002, -0.019102456219999966, -0.1305621196, 0.040461287399999976, 0.040461287399999976, -0.12676118800000002, 0.1621254185], [0.040509563000000005, 0.040509563000000005, 0.040509563000000005, 0.16212779200000005, 0.104755683, 0.040509563000000005, 0.1328359255, 0.040509563000000005, 0.054202378, 0.040509563000000005, 0.040509563000000005, 0.040509563000000005, 0.040509563000000005, 0.040509563000000005, 0.11527276889999999, 0.15562759699999998, 0.054202378, 0.11527276889999999, 0.040509563000000005, 0.16212779200000005, -0.07955089849999997, 0.006419335999999998, -0.019102456219999966, 0.11527276889999999, -0.13055040332], [-0.019055293220000005, 0.3156175564, 0.03883415379999999, -0.126760023, 0.3775287842, 0.3156175564, 0.1328359255, -0.126760023, -0.13047949656, -0.126760023, -0.126760023, -0.13047949656, -0.019055293220000005, 0.05433582299999998, 0.11527276889999999, 0.155646509, 0.03324597739999999, 0.16215850250000005, 0.16215850250000005, -0.07953569379999999, 0.006423441000000002, 0.04052390389999999, 0.04052390389999999, 0.04052390389999999, 0.04052390389999999, 0.04052390389999999], [0.099924048, 0.04056037759999999, 0.03324908039999999, 0.04056037759999999, 0.04056037759999999, -0.12663085300000002, -0.12663085300000002, 0.155753861, 0.11614951240000002, -0.07955089849999997, -0.019102456219999966, 0.05428397, 0.1328359255, 0.10534452200000001, 0.16235247299999997, 0.3780601032, -0.019102456219999966, 0.039289504999999995, 0.315830548, 0.04056037759999999, 0.04056037759999999, 0.04056037759999999, -0.1305621196, -0.1305621196, 0.16235247299999997, 0.006512235499999991], [0.0331801233, -0.07955463880000001, 0.006423441000000002, -0.019102456219999966, 0.040461287399999976, -0.1305621196, 0.040461287399999976, 0.162120206, -0.126772854], [0.0331801233, -0.07955463880000001, 0.006423441000000002, -0.019102456219999966, 0.040461287399999976, -0.1305621196, 0.040461287399999976, 0.162120206, -0.126772854], [0.0331801233, -0.07955463880000001, 0.006423441000000002, -0.019102456219999966, 0.040461287399999976, -0.1305621196, 0.040461287399999976, 0.162120206, -0.126772854], [0.0331801233, -0.07955463880000001, 0.006423441000000002, -0.019102456219999966, 0.040461287399999976, -0.1305621196, 0.040461287399999976, 0.162120206, -0.126772854], [-0.0795284972, -0.12676118800000002, 0.006423441000000002, -0.019102456219999966, -0.1305621196, 0.040461287399999976, 0.040461287399999976, -0.12676118800000002, 0.1621254185], [0.0331801233, -0.07955463880000001, 0.006423441000000002, -0.019102456219999966, 0.040461287399999976, -0.1305621196, 0.040461287399999976, 0.162120206, -0.126772854], [0.0331801233, -0.07955463880000001, 0.006423441000000002, -0.019102456219999966, 0.040461287399999976, -0.1305621196, 0.040461287399999976, 0.162120206, -0.126772854], [-0.0795284972, -0.12676118800000002, 0.006423441000000002, -0.019102456219999966, -0.1305621196, 0.040461287399999976, 0.040461287399999